[profile.jpg]
filters=glow2=1,0.362573,5.190092;
moddate=7d4302f3bb63d701
width=2304
height=2307
textactive=0
